# image_size 640 480
P0: 397.41901 0 326.93701 0 0 397.41901 241.101 0 0 0 1 0
P1: 397.41901 0 326.93701 0 0 397.41901 241.101 0 0 0 1 0
P2: 397.41901 0 326.93701 0 0 397.41901 241.101 0 0 0 1 0
P3: 397.41901 0 326.93701 0 0 397.41901 241.101 0 0 0 1 0
R0_rect: 1 0 0 0 1 0 0 0 1
Tr_velo_to_cam: -0.04264581 0.99906678 -0.00684921 0.03448506 0.05656864 0.00925901 0.99835578 0.00921458 0.99748751 0.04218824 -0.05691071 -0.83684466
Tr_imu_to_velo:
